case 1:刷卡，但卡號已兌換
EDC -> Host ,F39=66,pan=4213788850008389
00 4e 60 01 12 00 00 01 00 30 20 05 80 20 c1 00 00 00 08 80 00 00 00 00 00 00 00 00 25 00 22 01 12 43 32 42 13 78 88 50 00 83 89 d1 11 22 21 17 68 69 18 30 38 30 38 32 39 30 36 32 30 30 38 30 38 32 39 30 30 30 30 30 30 31 00 04 31 32 36 30
Host- >EDC
00 39 60 00 00 01 12 01 10 20 38 01 80 0a 81 00 00 00 08 80 00 00 25 15 22 26 06 05 01 12 43 30 39 30 36 30 35 30 30 30 30 30 36 36 36 30 38 30 38 32 39 30 36 00 04 31 32 36 30

Case 2: Manual Key in，卡號不存在DB中,pan=4213780001838012
EDC ->Host,F39=64
00 48 60 01 12 00 00 01 00 70 24 05 80 00 c1 00 00 16 42 13 78 00 01 83 80 12 00 08 80 00 00 00 00 00 00 00 00 26 11 12 00 12 01 12 43 30 38 30 38 32 39 30 36 32 30 30 38 30 38 32 39 30 30 30 30 30 30 31 00 04 31 32 36 30
Host ->EDC
00 39 60 00 00 01 12 01 10 20 38 01 80 0a 81 00 00 00 08 80 00 00 26 15 26 10 06 05 01 12 43 30 39 30 36 30 35 30 30 30 30 30 37 36 34 30 38 30 38 32 39 30 36 00 04 31 32 36 30

Case 3:刷卡，卡號兌換成功
EDC ->Host,F39=00
00 4e 60 01 12 00 00 01 00 30 20 05 80 20 c1 00 00 00 08 80 00 00 00 00 00 00 00 00 27 00 22 01 12 43 32 42 13 78 88 50 00 83 89 d1 11 22 21 17 68 69 18 30 38 30 38 32 39 30 36 32 30 30 38 30 38 32 39 30 30 30 30 30 30 31 00 04 31 32 36 30
Host ->EDC
00 3f 60 00 00 01 12 01 10 20 38 01 80 0e 81 00 00 00 08 80 00 00 27 15 33 00 06 05 01 12 43 30 39 30 36 30 35 30 30 30 30 30 38 30 31 33 31 34 35 30 30 30 38 30 38 32 39 30 36 00 04 31 32 36 30

Case4:刷卡/Reversal 
刷卡:4213780050074832,Traceno=000038
004e600112000001003020058020c100000008800000000000000000380022011243324213780050074832d0910221192304873038303832393036323030383038323930303030303031000431323630
003960000001120110203801800a810000000880000038142112061601124330393036313630303031313736363038303832393036000431323630

Reversal:4213780050074832,Traceno=000038
0048600112000004007024058000c10000164213780050074832000880000000000000000038091000220112433038303832393036323030383038323930303030303031000431323630
003960000001120410203801800a810000000880000038142140061601124330393036313630303031313836363038303832393036000431323630

Case5:Manual keyin/Reversal
Manual:4213780000000002
0048600112000001007024058000c10000164213780000000002000880000000000000000042121200120112433038303832393036323030383038323930303030303031000431323630
003f60000001120110203801800e810000000880000042145137061601124330393036313630303031323730303030303430303038303832393036000431323630

Reversal:4213780000000002
0048600112000004007024058000c10000164213780000000002000880000000000000000042121200120112433038303832393036323030383038323930303030303031000431323630
003960000001120410203801800a810000000880000042145226061601124330393036313630303031323836363038303832393036000431323630
