
REQUEST:
00 90 60 01 49 ff f9 01 00 70 24 05 80 00 c0 00 
06 16 45 79 52 06 12 34 57 02 00 00 00 00 00 00 
10 00 00 00 10 10 05 02 08 10 01 50 59 34 31 30 
30 30 30 36 34 30 30 30 31 30 30 30 34 32 33 30 
30 31 31 31 00 06 30 30 31 30 31 30 00 68 00 43 
39 39 05 00 00 70 00 05 99 99 99 99 99 00 00 00 
00 00 00 00 00 00 00 00 12 01 02 13 04 12 00 00 
00 00 00 00 00 00 00 00 00 00 00 00 12 49 44 43 
32 32 30 33 33 34 36 36 34 00 07 31 36 31 30 33 
35 38   


REPONSE:
00 3e 60 ff f9 01 49 01 10 30 38 01 
00 0e 80 00 00 00 00 00 00 00 00 10 
00 00 00 20 10 17 12 31 11 10 01 50 
30 30 30 30 32 30 31 30 20 20 20 20 
20 20 20 20 20 20 30 32 34 31 30 30 
30 30 36 34 







                                 